A8MUM7	Q9NY25	Q9UPC5	Q9H3S1	Q9NRD8	O60613	P15151	P02746	Q16363	Q9HBB8	A0A0G2JS06	Q99944	P17936	P08174	Q96A25	P34741	P05156	P04216	P21741	P08195	O43493	P08637	P02655	A4QPB2	A0A0C4DH55	P02652	P22079	P10619	Q5VY80	O75015	Q9Y5Q5	P16112	Q8NHL6	Q15165	P07478	Q13361	Q15195	O60462	Q6Q8B3	Q6H3X3	Q14031	Q02325	A6NKQ9	Q9NWF4	Q8IYS5	Q99102	Q2VPA4	P30511	Q07001	P15692	P40198	P48664	P28067	label
22.78103	24.33838	24.81043	24.06058	23.72325	28.39541	29.56104	28.73933	34.70019	23.83119	23.98209	22.30125	25.30247	29.07883	24.31657	28.69823	32.60749	32.04179	23.80293	31.90993	30.04245	28.86181	25.36435	23.32118	27.63938	26.8735	31.42189	30.69736	23.281	24.91738	21.73218	27.69915	25.95014	30.22961	36.91518	30.94769	32.94473	25.58456	25.36032	24.03061	22.52981	32.94473	23.57969	25.13988	23.61991	22.55794	25.21239	27.50434	28.04062	28.16499	26.21115	24.26821	26.89463	Normal
25.63755	28.1149	28.58285	23.68414	25.11686	28.53624	28.57156	29.20803	34.08132	25.66653	23.21087	24.64466	23.67074	30.95693	21.55645	24.26853	32.82383	33.773	24.40054	31.33055	27.88095	30.837	25.17189	23.03898	29.08152	24.32025	33.50653	30.14822	22.40375	27.00967	21.77391	25.29905	26.68089	29.67007	34.78726	33.40939	34.16763	27.07765	26.0498	23.54391	30.91287	34.16763	22.90845	24.03049	26.12818	23.93427	27.17974	28.249	25.72684	28.47668	27.88445	23.32266	29.54692	Normal
27.55324	22.45851	23.73007	24.1173	24.35411	23.63548	26.02989	28.13465	32.52659	22.41372	23.25318	23.85425	23.07016	30.94921	22.7388	24.80966	33.00344	31.58218	24.55634	29.58803	26.0643	28.87504	26.11782	23.0475	28.38511	28.56836	31.35164	29.25007	23.7018	24.89222	22.81455	23.21298	25.01771	26.81455	36.10968	32.12627	33.61192	23.18536	23.64745	24.26105	23.3305	33.61192	25.36297	26.02022	22.44214	22.03024	23.77571	22.63537	24.91046	25.9718	24.3982	24.69821	22.58854	Normal
27.12378	22.37451	25.6597	24.89041	21.27555	28.33242	28.88327	30.04282	33.80944	27.22519	23.2332	22.54037	28.38107	29.5135	23.39825	27.23908	32.30665	32.04825	26.01919	31.41881	28.93036	30.19479	24.54208	23.69598	28.87432	25.8583	31.18924	29.34636	23.5797	25.38113	21.77118	22.23068	27.40288	30.97988	30.41332	31.66082	33.02161	27.76839	25.32682	24.27062	28.1413	33.02161	24.9511	26.0884	24.0285	23.56276	26.28811	30.48501	28.38312	26.36678	27.11549	20.29356	27.3548	Normal
27.17735	24.09093	26.10255	23.21269	24.94279	27.5718	29.01664	28.42221	33.5603	23.22511	24.11712	24.09481	27.42648	30.32983	23.24195	23.2968	31.969	32.71417	22.83824	30.18544	28.71965	27.68393	23.47584	24.90142	28.59232	26.97892	32.01104	29.19148	23.35165	25.84119	23.2979	26.68501	22.43768	28.60458	35.03732	32.86832	33.69095	25.31345	23.02004	23.15192	30.61061	33.69095	25.20954	25.84259	22.98248	24.15075	22.60905	24.79114	25.90233	26.39116	27.37232	23.49252	24.05488	Normal
27.38791	28.27208	27.17122	25.88064	29.22762	29.43099	29.23973	30.32447	35.12125	26.88545	24.35145	22.83484	28.08179	31.90683	23.56352	26.47565	33.85833	34.10534	25.21298	32.39825	29.23742	31.80244	26.04243	23.97657	29.86348	28.23787	35.98024	30.11674	23.01181	29.38575	23.13259	25.94417	29.00706	30.73575	34.04194	32.42474	34.65197	28.9204	26.30791	24.57403	27.2895	34.65197	22.31837	25.25585	25.79693	22.36817	28.83923	29.57841	27.87233	28.53505	29.09136	23.57442	30.87259	Normal
26.62881	23.40219	24.26389	22.40406	23.85824	23.34706	23.72946	28.64579	31.84914	24.28926	22.06601	23.43563	24.55343	30.38042	22.11646	24.21597	32.5334	27.90221	25.50874	30.17492	24.49353	25.43129	24.64101	24.67861	28.6803	23.93769	31.52365	28.42473	24.70021	23.36818	23.79049	24.21843	24.09838	23.24273	36.29469	33.17958	33.26362	23.97781	21.88434	23.49797	24.60759	33.26362	23.6214	24.40659	24.46217	23.41215	22.35959	25.84244	24.99803	25.64017	27.43859	25.24967	23.85736	Normal
26.26412	23.46893	22.94441	22.95883	23.71235	23.40719	27.77237	27.9525	33.63924	25.30451	24.32256	22.9989	26.8038	29.97489	23.69545	24.81715	33.57919	31.99144	24.19189	30.73128	25.70111	29.48347	25.88633	23.15197	28.65107	27.70839	32.23359	26.62872	23.3277	25.58472	24.51942	25.91829	22.11422	30.27506	35.92633	31.30286	34.83905	23.69156	23.65104	24.19218	23.28442	34.83905	25.16037	23.28569	23.60993	24.07927	22.30831	26.45345	23.6818	24.43392	27.41434	23.81035	22.4659	Normal
23.27046	25.16912	24.2075	23.84494	25.54443	24.91345	27.39873	27.65414	32.91018	25.62511	23.04594	23.4259	24.82509	30.53798	24.83024	24.39489	33.32935	32.38977	24.35378	30.19847	24.65366	29.20319	23.20934	22.4224	27.7807	23.71713	31.6667	26.64564	24.65331	24.80833	24.64947	23.2757	26.31931	27.64487	35.66307	32.77873	33.53194	24.72494	23.58673	22.74117	27.26254	33.53194	24.34126	26.18643	24.30981	22.85394	23.52971	22.9772	27.38141	26.23954	29.0208	24.81622	24.33847	Normal
24.12336	23.47357	24.66364	23.24985	23.3385	29.6906	29.08419	28.29474	34.45372	23.37579	23.93997	22.16069	27.39744	29.5093	23.62584	28.62429	32.36781	31.99822	23.01992	31.38015	28.68312	28.22056	24.86128	24.35484	27.63747	26.1639	30.94441	30.51308	23.37748	22.3212	23.5372	25.50037	26.09138	30.08205	36.44585	30.78085	33.37054	23.71636	25.53136	23.77844	23.55624	33.37054	22.61513	25.25997	22.50174	23.68917	24.66696	26.90386	28.18345	25.80213	26.94982	24.14799	27.30493	Normal
25.00712	22.11743	25.47784	24.66884	24.61888	29.6713	29.23558	28.08881	34.85158	22.43368	22.57713	22.77018	27.34468	29.00863	25.35547	28.2724	32.58969	32.72817	22.29199	31.48018	29.46882	28.65824	22.45044	22.2595	27.43535	26.16061	31.2906	30.21812	22.75911	25.19869	22.79192	27.80604	26.97092	30.0747	35.79607	31.18321	33.75397	27.05085	25.27065	22.96472	25.23944	33.75397	22.47966	23.23243	24.43466	23.15601	25.54193	26.92519	28.97868	26.23188	22.93631	24.15778	27.29815	Normal
26.85497	22.69125	23.34481	24.0045	24.57793	25.98024	26.65606	28.10066	31.69876	25.71522	23.23814	23.04285	22.76643	31.27637	24.2407	23.07892	30.58906	32.17813	24.26914	29.68068	24.10078	27.7915	22.85422	24.30542	27.4118	24.51016	31.77956	28.18998	24.96626	23.32311	23.0105	27.28572	24.75546	27.07243	36.97236	33.8513	32.54766	24.46854	23.20528	24.76808	23.44438	32.54766	22.52201	23.33888	24.39896	23.56099	24.05495	24.69262	28.38591	26.5244	25.76355	24.75666	23.53391	Normal
28.41894	27.65578	27.03465	22.79389	25.66307	28.43466	28.62474	28.60103	33.31072	25.85434	24.48707	24.04549	23.93459	31.65983	20.69457	24.6373	32.40968	33.82576	23.55746	31.64377	26.73103	30.31252	22.75921	24.24193	29.18537	26.66657	34.19963	29.63904	23.04227	26.35207	24.59243	29.75571	26.01069	29.11626	33.787	34.58583	34.61959	25.45426	26.21169	23.22189	31.34874	34.61959	23.26883	26.66403	23.8811	27.3301	27.64062	28.54476	24.85473	27.23853	27.00941	23.46089	28.62316	Normal
25.39681	25.82757	24.58068	22.69202	24.44033	28.93071	28.15206	29.32347	34.00267	22.71137	24.0247	22.4903	24.63709	30.4133	24.33354	27.32752	33.3442	33.17128	22.45555	31.13745	28.48747	30.05132	26.46343	23.9987	29.55501	28.15085	32.83261	30.37072	24.40939	27.46496	23.92984	26.1375	25.78567	29.9858	35.76252	34.16486	34.27228	23.92486	25.5966	22.19334	30.40916	34.27228	23.20599	25.02652	22.74002	24.59505	26.25493	27.29056	26.66293	26.98431	27.26751	22.58861	25.81266	Normal
22.23896	24.6858	25.2238	21.84201	22.33319	29.14204	29.52723	28.89809	33.58824	24.19151	22.61018	23.40922	23.18262	30.64975	24.33343	26.36844	31.92966	33.6525	23.1031	30.91715	30.27322	27.57268	24.6827	23.9392	28.25255	26.52731	32.38076	29.95959	22.74301	24.56493	23.17342	27.85041	25.66195	29.19001	35.92529	32.94913	32.85719	24.01246	23.78691	24.12683	22.81487	32.85719	24.96457	25.28995	23.58508	24.15705	24.84584	27.02122	25.13023	26.52596	24.47173	23.99605	24.08205	Normal
25.20947	28.0365	25.42136	24.22726	31.33677	29.07092	29.58165	31.97335	35.30549	25.94314	22.30793	24.91196	31.69855	32.86382	22.88221	29.39993	32.53477	34.19885	26.84151	32.5228	27.25111	31.21674	24.54747	26.23444	27.27036	25.49857	36.20858	31.57987	23.48427	29.44146	25.47334	28.61657	28.28526	31.12538	33.7318	33.53502	34.18778	30.31164	26.81734	23.21152	29.21846	34.18778	24.38854	25.68686	27.90903	27.52192	28.6511	28.78171	28.90194	28.34204	33.24021	26.5946	30.62981	PDAC
25.3896	28.02812	24.93378	25.46047	29.17164	28.33475	29.7116	32.49751	34.78439	27.57053	22.93797	24.39542	31.57413	33.78434	23.42476	28.23156	32.95404	33.8979	27.64547	32.29423	25.58743	31.5858	26.27386	23.0388	29.01452	27.94612	36.41724	30.49292	24.3232	29.54544	26.75598	28.52265	26.91878	31.22319	29.3146	33.11629	35.20321	31.16035	26.00084	24.3232	29.22765	35.20321	23.89896	23.20615	28.94726	33.68779	27.8909	28.81612	28.84534	28.45236	34.73265	25.59623	29.0331	PDAC
26.61892	27.2094	27.0713	25.80413	23.61654	28.96016	28.74236	31.13426	34.97981	21.70967	23.47563	25.12842	30.28724	32.24538	24.96795	29.17173	33.29659	33.72466	26.17058	32.43522	24.83338	31.00946	27.20756	26.06799	29.69584	29.32908	32.72195	31.11377	23.56797	25.88768	26.32869	28.83722	28.78484	30.7847	33.25232	32.53367	34.76159	29.29181	25.86082	24.9344	27.34025	34.76159	23.09968	26.08714	27.02226	26.47686	25.51868	28.12689	29.51896	27.38361	30.03299	23.71788	30.3053	PDAC
28.17368	23.98892	25.11635	25.68139	22.08752	28.07241	29.36951	31.32109	34.51368	23.15335	23.29291	24.36185	29.40287	30.66413	25.42275	24.13455	32.58917	34.97229	26.46268	31.34829	25.97276	31.17464	26.65491	24.28582	29.42382	29.04214	32.18955	30.58036	24.3474	25.86246	22.71604	26.59229	28.30012	29.8139	32.80812	33.03405	35.33468	28.28523	26.18838	23.76498	29.2096	35.33468	22.88465	26.96481	23.75307	26.25835	25.85021	27.83378	29.27207	26.55322	31.52934	24.08711	28.07919	PDAC
27.87624	28.00363	27.86465	25.80293	29.33809	27.82755	28.46733	32.34085	35.26193	23.74435	24.28982	22.48972	31.68933	31.59015	25.71735	26.3122	32.42309	34.76777	28.2528	32.23615	25.64225	31.74705	25.35081	27.99001	29.10957	29.16672	34.62838	30.53744	22.89477	27.76149	25.272	27.63954	28.03942	31.20341	29.01192	32.81072	34.72656	29.49524	25.40968	25.0993	22.88415	34.72656	22.97692	27.69638	22.18949	29.0276	26.0609	28.91551	29.50433	27.02129	29.24036	25.97957	29.07508	PDAC
26.74727	25.82571	27.71347	25.88978	25.65745	28.78896	28.62193	31.31235	35.03252	23.80037	24.96725	24.08916	29.43706	31.80371	25.51913	29.10556	33.69006	34.11293	25.45016	32.14782	26.39141	30.77971	28.54732	27.02962	29.06516	29.6894	32.29326	31.14488	23.11713	24.71376	24.97097	29.57124	28.3442	30.46199	32.57235	33.31869	35.58329	29.48858	26.45652	23.86266	28.56943	35.58329	24.96194	25.22411	25.81719	26.26256	25.58274	28.24996	29.31465	27.94717	27.82593	25.61235	30.3975	PDAC
27.33683	27.35942	28.00324	25.59361	23.63168	29.79935	29.32031	30.47596	35.32306	22.7954	24.50337	24.12145	28.64095	31.39647	24.44158	28.88	32.83508	34.48794	21.75542	31.92712	26.53054	30.47423	28.79683	26.28878	29.1804	29.28377	32.65146	30.23021	24.25427	25.98003	25.53416	28.72898	28.32297	30.58368	33.5844	32.91977	34.8803	28.69777	26.72694	24.3491	31.174	34.8803	22.50853	25.93673	25.66569	27.45513	26.95798	28.12749	29.9832	26.54938	26.65776	23.8005	30.10805	PDAC
30.87929	23.90637	26.20717	26.31084	25.70125	28.91682	29.61413	31.22325	35.45041	29.46225	22.84612	24.42283	29.35688	32.51735	24.34178	28.05967	32.73473	33.61829	27.13048	32.96173	24.08791	29.99396	25.15013	23.75025	28.24915	27.55125	33.64934	30.83928	27.50562	26.91397	27.11722	27.68575	28.34178	31.72227	30.13022	31.98972	34.71865	31.02014	26.63728	27.50562	29.02782	34.71865	29.50493	26.96679	25.83048	32.10096	27.74533	29.20167	30.53568	26.57972	34.8692	24.99858	29.42307	PDAC
27.77653	25.23717	26.64569	25.55694	26.38784	27.25805	28.9966	31.79788	35.20199	24.51578	23.36909	25.50633	27.26815	31.17855	25.56863	28.49678	33.88683	34.34798	24.1631	31.86092	27.96453	30.56391	29.20495	24.28162	30.50526	29.19889	34.84293	29.69331	24.46945	28.84067	24.47983	28.91779	27.07131	29.52477	29.89146	33.77839	35.57682	28.50331	26.92197	24.18075	28.437	35.57682	24.03829	25.28242	23.05597	23.893	29.46259	28.15677	29.38668	25.87397	26.22075	22.25917	29.8666	PDAC
31.4709	22.8344	25.25438	26.02343	23.86655	28.19513	28.66339	32.63188	34.08915	21.65779	23.75805	22.50294	29.03196	30.50474	26.12161	23.38508	33.29226	34.27937	21.04787	31.33418	26.58596	31.40721	27.89374	20.90395	30.01509	29.76619	33.49128	29.78436	22.82648	29.16322	23.52141	25.18082	28.02354	28.55494	27.39059	32.9539	36.34974	29.57596	25.95313	23.16971	28.19963	36.34974	25.85877	26.53849	22.24517	24.27098	28.14211	27.4994	28.77093	25.57484	27.32376	24.15838	28.32204	PDAC
27.18757	26.89674	28.5316	26.80447	26.44286	28.6151	28.98284	31.31961	35.14257	25.58421	24.0297	25.6589	31.08263	32.91488	22.40946	26.77139	33.29674	34.18213	27.45117	32.02065	22.39506	30.42905	26.55004	28.18547	29.40406	28.85411	31.80941	30.66408	21.84866	24.60115	23.89234	28.9572	26.66638	30.12707	31.96571	34.0583	34.74646	30.06678	26.10096	24.62464	28.9631	34.74646	27.10123	25.2328	26.76586	24.15496	27.52631	29.07954	30.51615	26.46816	33.03669	25.60757	30.35386	PDAC
24.46844	27.92155	28.47493	25.73908	30.78224	29.20301	29.74896	30.7329	35.41838	26.24081	24.15577	25.31811	28.91891	32.03049	22.07927	29.17233	33.33984	34.44185	26.6316	32.35221	24.56626	30.5545	25.28467	26.39458	28.45894	28.24939	37.21292	30.53987	23.19423	28.84808	22.24659	28.84092	28.27876	30.16271	33.83834	33.89985	34.74016	29.25357	26.63776	22.60973	30.72678	34.74016	26.65666	25.6002	27.90901	23.47038	27.69262	28.01211	30.03031	26.30258	28.06761	22.24452	30.21682	PDAC
25.52113	26.28649	25.41953	23.96968	26.09588	28.8701	29.1934	30.92754	35.14204	23.30292	24.24715	23.345	27.46164	30.20485	25.13669	27.09811	32.40549	33.45098	23.16425	31.8004	28.2184	30.38706	24.12926	24.72994	27.6219	25.62821	34.10447	30.78504	23.13626	27.77438	22.42511	25.23418	27.13902	30.4597	34.79379	31.53191	34.1135	27.63526	25.68258	23.70232	28.04886	34.1135	22.38158	26.34876	24.56656	24.69307	23.51791	28.42157	30.27579	26.90013	26.11522	24.06026	29.51089	PDAC
26.29972	28.57059	23.80694	22.52346	29.93089	28.72679	28.92426	31.05948	34.08786	23.9589	22.52705	23.45741	31.92331	33.57729	24.7736	28.32413	33.56849	34.19853	27.67447	32.27784	23.02439	31.02001	26.75512	26.25463	29.38229	29.97945	33.98297	30.16517	26.61525	24.50171	23.83481	25.29478	25.59414	30.11217	29.96661	33.06322	35.00635	30.16187	23.87368	26.61525	31.90748	35.00635	24.85294	25.71502	28.30716	26.02168	26.64847	26.36685	29.61091	29.17376	34.79829	23.07862	28.15883	PDAC
26.01696	28.50765	27.16064	24.69859	23.81232	28.24351	29.14249	31.71053	35.40497	23.14648	23.29722	24.46915	30.00264	32.76376	23.07963	26.90877	33.31832	34.05265	22.49681	32.67346	21.2179	30.92336	27.10776	26.99485	29.93539	29.11198	34.1663	29.87863	26.13379	24.88382	24.49738	27.88745	27.98597	30.02119	31.81499	33.06036	35.12734	30.10962	25.79646	26.13379	30.94386	35.12734	23.43679	25.51717	27.06548	28.53192	26.79122	27.55465	28.59777	29.36383	28.45456	22.70443	29.14947	PDAC
26.82922	28.54354	25.04893	25.74196	29.98816	28.65773	29.51256	29.91951	36.34167	25.98442	24.32872	24.36775	33.25163	33.37186	24.07373	29.24714	33.55856	34.3986	26.91534	32.23669	25.0302	31.61018	25.96991	27.55593	30.7816	28.86383	32.31616	29.57814	23.78126	27.14071	26.40952	27.92967	28.42452	30.34183	32.13099	33.43623	34.38477	29.89298	26.68469	25.50864	32.0428	34.38477	23.84749	24.3657	28.35665	23.51531	27.60298	27.33986	29.11619	29.33983	33.7754	23.52564	29.75743	Breast
25.83764	27.16082	23.82806	25.79747	26.64063	28.96136	29.77929	31.84929	35.19111	27.3508	23.6171	24.32372	32.22417	32.57949	24.24415	29.85797	33.29997	34.10306	24.72242	32.55205	25.83877	30.60894	26.62754	23.30506	29.28103	28.62296	33.98764	30.10853	22.72662	27.64258	24.07322	31.57829	28.23645	31.2938	29.20374	33.4994	34.59537	29.99753	24.81901	24.30427	28.00455	34.59537	30.95882	27.1652	26.69485	22.89294	27.11392	28.26366	29.012	28.68023	31.05068	24.17659	29.69384	Breast
24.9322	26.4993	26.26651	24.06953	26.9164	29.90846	29.74246	31.62732	35.85299	25.30388	24.78851	26.13124	33.06329	32.86091	25.29979	28.77516	33.4834	34.40592	26.68388	33.77804	24.48809	31.88089	25.63757	25.00199	29.70982	27.93227	32.38021	30.94969	26.78628	26.64529	25.71854	29.35474	29.20306	30.39656	29.9844	31.88465	34.35686	31.37867	26.48261	26.78628	27.0248	34.35686	27.25264	26.76953	27.95038	28.41125	26.95916	28.08267	28.82239	27.24489	30.03946	25.35176	30.99673	Breast
27.90754	29.38212	25.44308	25.77519	29.20809	29.4986	29.45057	31.72279	35.04958	27.37148	24.22577	24.16459	33.04375	32.72694	24.26859	29.43484	33.54854	33.92009	27.06082	32.83942	23.38886	30.81435	28.24213	24.97875	29.36437	29.78904	35.85147	30.30774	25.42974	29.89837	25.12169	28.28923	26.78785	30.05912	27.46397	33.33405	36.12444	31.71575	28.89979	25.42974	23.7148	36.12444	26.27916	25.96264	28.39733	28.75527	31.34658	28.21721	27.16631	28.14871	34.13761	24.12234	29.53207	Breast
27.96182	28.26171	23.82896	26.03284	32.09801	27.52632	28.67064	32.22338	34.78591	27.86676	22.87873	24.49137	32.75627	32.92016	22.65838	28.01553	33.95166	33.87223	26.39726	31.75171	25.31915	30.6698	26.50246	23.57056	29.02211	30.68188	34.99231	29.83601	26.60377	27.73083	24.87059	27.67303	27.10804	30.60358	30.28995	33.10989	35.30905	30.89366	25.66675	26.60377	28.26658	35.30905	25.24997	24.51749	27.41392	30.86452	28.44055	27.61552	28.8023	28.86069	34.22171	25.17936	28.34374	Breast
23.95061	28.10581	29.29926	26.91334	27.41828	29.6608	29.27015	31.36712	35.77902	24.97099	26.0918	24.23125	30.29951	31.55002	25.54681	31.11679	33.77202	34.39503	25.71216	33.05272	28.7768	31.95598	25.60335	24.02341	27.88857	27.77587	35.33737	30.88744	24.86243	29.30461	24.99448	27.76079	29.93111	30.30117	33.32581	32.96017	34.80193	29.96001	26.34593	24.86243	30.16264	34.80193	24.71686	26.86656	27.46458	22.78423	28.78588	28.76005	29.4001	27.36394	22.6206	27.50887	31.36244	Breast
23.44546	26.33039	31.62753	23.07778	29.30069	29.51717	28.68508	30.11039	35.4805	27.97191	24.5239	21.35423	33.87132	32.89943	24.84525	29.83898	33.62978	34.09034	28.34901	32.34026	24.79303	31.63097	27.38683	27.24329	28.70987	27.79939	29.89102	30.59203	25.84438	25.49423	27.47312	29.70494	26.90211	30.65382	27.34303	34.55614	33.99149	31.2709	26.18585	25.84438	30.78545	33.99149	24.77483	26.45464	28.03279	30.48339	24.61752	28.21247	27.51328	27.74252	31.97276	25.92141	30.82803	Breast
23.97794	24.23433	27.01836	26.82335	27.97059	28.79602	29.20242	30.54158	35.96164	26.34028	23.19001	24.1125	30.36131	31.7798	25.3567	28.36829	34.17952	33.76548	27.1258	32.24751	29.693	31.16177	29.63153	26.07194	28.80381	29.48099	33.68311	29.91185	21.95656	26.70448	22.20177	30.08172	28.72163	32.16177	27.84122	33.36289	35.12264	28.93216	27.02978	24.11645	29.24349	35.12264	24.65877	27.06591	25.50915	21.54053	32.11288	28.77551	30.19055	26.45792	20.3516	27.1736	29.63028	Breast
27.05788	27.43234	26.43294	25.65718	23.85048	29.52616	30.34479	32.3459	35.59829	30.99848	24.89248	25.03062	30.97679	32.2276	24.34215	28.0107	34.4023	34.47967	28.46734	33.07991	24.15574	31.58109	27.56802	24.08279	28.22376	30.01242	36.12259	29.68099	25.38823	29.53972	22.25292	29.93686	28.81748	30.25729	24.39099	34.42757	36.15625	29.08201	26.84907	25.38823	28.36224	36.15625	23.23595	25.60201	27.74139	23.75273	28.46157	28.23426	26.97228	28.41181	27.01676	22.68106	30.25558	Breast
29.10853	25.96547	25.73427	27.40838	25.52685	29.81153	28.43693	31.1085	35.34626	22.49821	26.56736	24.29463	31.06736	31.5543	24.34597	29.29936	34.20976	34.2802	23.33686	32.79004	25.16379	31.11345	29.77502	28.87803	28.40186	28.47127	33.44196	30.60213	23.7536	27.42862	23.21207	30.23124	28.84596	30.36251	32.41562	33.61976	35.12095	29.41706	27.721	24.48402	28.54527	35.12095	24.44246	25.74762	27.21671	24.77746	31.85759	29.24822	28.86798	25.72462	27.53349	27.05752	30.53579	Breast
28.16056	28.81135	24.4693	22.3852	26.05387	29.55142	29.64213	32.04629	35.78094	27.23936	25.76238	25.66906	32.83126	32.95659	24.63502	29.73363	33.93966	34.02252	26.90645	32.79192	22.571	31.7689	26.51368	26.67238	28.41587	28.92287	32.56272	31.40125	26.26465	26.20175	27.38566	29.12662	28.3839	31.50528	28.75796	33.44275	34.36565	31.66675	25.98789	26.26465	30.64518	34.36565	25.39439	25.8277	28.68788	26.41436	29.3259	28.44707	28.0777	26.61615	33.00625	22.56388	30.54861	Breast
28.6393	28.11925	23.05958	26.45785	33.61319	26.73227	29.90586	31.65598	33.60126	26.82273	23.59813	24.2061	32.99641	32.95433	22.96241	27.5533	34.04449	32.91993	25.74464	31.8997	26.58803	31.22875	27.37791	26.63065	28.29281	29.91981	34.65215	30.32657	27.78604	28.0299	23.15947	28.85712	25.51583	29.39587	29.66256	33.868	35.91034	30.02994	26.83552	27.78604	23.57032	35.91034	24.60527	25.50515	30.7783	31.69428	28.99963	26.2722	23.92336	29.58333	35.29417	25.88064	26.96938	Breast
22.44556	26.3069	26.62247	23.34127	23.04563	29.52137	29.44376	30.79496	35.38856	27.41702	25.45293	25.97404	33.24	32.37904	21.28876	31.20548	33.96125	34.05494	28.04444	32.46893	23.36823	30.76868	28.3349	28.14931	28.92522	28.04614	30.38438	29.4908	23.31684	24.75738	27.24409	29.31789	27.62755	30.53285	28.02516	34.85017	34.64484	30.25261	26.16481	23.38766	28.65269	34.64484	23.40497	25.62557	27.88269	27.07547	26.17305	27.96979	27.86769	27.11398	34.35284	25.51312	30.58325	Breast
30.30873	28.05839	28.57149	27.28667	29.06341	29.01884	29.20332	30.90666	35.85593	24.41735	23.18394	25.67252	30.41788	31.93007	26.12923	30.70855	34.05096	34.40092	23.91953	33.23832	25.83388	32.95617	25.79093	25.40268	27.98351	26.51045	34.96721	31.48222	24.21991	28.6457	25.06198	28.4642	30.96946	30.33427	32.401	33.61464	34.78135	29.98938	28.5703	21.99056	27.67643	34.78135	23.64415	25.72389	27.89166	22.93011	29.82421	29.66739	27.98462	26.89544	30.0932	28.27669	31.12119	Breast
23.90749	27.37981	24.61461	24.32536	24.86775	27.04782	28.42407	31.36768	34.52319	23.77117	24.18579	22.53681	31.94711	32.89615	25.08368	28.15614	32.9943	34.98389	28.5612	31.88361	26.86478	30.93151	26.70497	23.41986	28.57221	30.48361	32.32151	30.16996	25.16493	27.49901	27.92801	28.34219	26.8685	29.67177	25.58477	34.13963	34.91571	30.13454	22.76839	22.90737	29.35731	34.91571	23.42611	26.67313	27.00826	24.96143	22.30128	27.66916	29.85197	27.06199	32.10593	26.17549	28.28219	Breast
